======= Real AdaBoosting Output========

For Iteration T:1

Classifier: H25<1.3792905

G value: 0.4525483399593904

C-pos: 0.3465735121549909 | C-neg: -6.449611163043497

Z value: 0.9051599253929307

newProb(P): 0.03124781893640722 0.062495628107874054 0.03124781893640722 0.03124781893640722 0.03124781893640722 0.062495628107874054 0.062495628107874054 0.03124781893640722 0.03124781893640722 0.03124781893640722 0.03124781893640722 0.03124781893640722 0.062495628107874054 0.03124781893640722 0.03124781893640722 0.062495628107874054 0.03124781893640722 0.062495628107874054 0.062495628107874054 0.03124781893640722 0.062495628107874054 0.03124781893640722 0.03124781893640722 0.03124781893640722 6.987215449150536E-5 

fT(x): 0.3465735121549909 0.3465735121549909 0.3465735121549909 0.3465735121549909 0.3465735121549909 0.3465735121549909 0.3465735121549909 0.3465735121549909 0.3465735121549909 0.3465735121549909 0.3465735121549909 0.3465735121549909 0.3465735121549909 0.3465735121549909 0.3465735121549909 0.3465735121549909 0.3465735121549909 0.3465735121549909 0.3465735121549909 0.3465735121549909 0.3465735121549909 0.3465735121549909 0.3465735121549909 0.3465735121549909 -6.449611163043497 

Error: 0.32

Bound: 0.9051599253929307

=============================================================================
For Iteration T:2

Classifier: H22<1.0506090000000001

G value: 0.45322172645076303

C-pos: -0.1038195811856275 | C-neg: 3.600110422086136

Z value: 0.9064434542082535

newProb(P): 0.03824434819621045 0.06214706868736577 0.03824434819621045 0.03824434819621045 0.03824434819621045 0.06214706868736577 0.06214706868736577 0.03824434819621045 0.03824434819621045 0.03824434819621045 0.03824434819621045 0.03824434819621045 0.06214706868736577 0.03824434819621045 0.03824434819621045 0.06214706868736577 0.03824434819621045 0.06214706868736577 0.06214706868736577 0.03824434819621045 0.06214706868736577 9.418264910213475E-4 9.418264910213475E-4 9.418264910213475E-4 0.0028214444772741865 

fT(x): 0.24275393096936337 0.24275393096936337 0.24275393096936337 0.24275393096936337 0.24275393096936337 0.24275393096936337 0.24275393096936337 0.24275393096936337 0.24275393096936337 0.24275393096936337 0.24275393096936337 0.24275393096936337 0.24275393096936337 0.24275393096936337 0.24275393096936337 0.24275393096936337 0.24275393096936337 0.24275393096936337 0.24275393096936337 0.24275393096936337 0.24275393096936337 3.9466839342411273 3.9466839342411273 3.9466839342411273 -2.8495007409573607 

Error: 0.32

Bound: 0.820476289384053

=============================================================================
For Iteration T:3

Classifier: H16<0.698907

G value: 0.46459563566740303

C-pos: 0.26304644258708376 | C-neg: -0.5768331088058094

Z value: 0.9291912713348343

newProb(P): 0.031638983618166756 0.0870071906315681 0.031638983618166756 0.031638983618166756 0.031638983618166756 0.0870071906315681 0.0870071906315681 0.031638983618166756 0.031638983618166756 0.031638983618166756 0.031638983618166756 0.031638983618166756 0.0870071906315681 0.031638983618166756 0.031638983618166756 0.03756644436305192 0.07327866998672891 0.03756644436305192 0.03756644436305192 0.07327866998672891 0.03756644436305192 0.001804601094682818 0.001804601094682818 0.001804601094682818 0.001705496964179559 

fT(x): 0.5058003735564471 0.5058003735564471 0.5058003735564471 0.5058003735564471 0.5058003735564471 0.5058003735564471 0.5058003735564471 0.5058003735564471 0.5058003735564471 0.5058003735564471 0.5058003735564471 0.5058003735564471 0.5058003735564471 0.5058003735564471 0.5058003735564471 -0.33407917783644603 -0.33407917783644603 -0.33407917783644603 -0.33407917783644603 -0.33407917783644603 -0.33407917783644603 3.369850825435318 3.369850825435318 3.369850825435318 -3.42633384976317 

Error: 0.24

Bound: 0.7623794064328556

=============================================================================
For Iteration T:4

Classifier: H8<0.26046

G value: 0.4804912601688526

C-pos: -0.3619591338035014 | C-neg: 0.22319727133481723

Z value: 0.9609825203377144

newProb(P): 0.04728287655454377 0.06304386106831592 0.04728287655454377 0.04728287655454377 0.04728287655454377 0.06304386106831592 0.06304386106831592 0.02633744805751375 0.02633744805751375 0.02633744805751375 0.02633744805751375 0.02633744805751375 0.11318086300181905 0.02633744805751375 0.02633744805751375 0.04886725524703231 0.06099984714398332 0.04886725524703231 0.04886725524703231 0.06099984714398332 0.04886725524703231 0.001502216005714254 0.001502216005714254 0.001502216005714254 0.0022185478792230953 

fT(x): 0.14384123975294572 0.14384123975294572 0.14384123975294572 0.14384123975294572 0.14384123975294572 0.14384123975294572 0.14384123975294572 0.7289976448912644 0.7289976448912644 0.7289976448912644 0.7289976448912644 0.7289976448912644 0.7289976448912644 0.7289976448912644 0.7289976448912644 -0.1108819065016288 -0.1108819065016288 -0.1108819065016288 -0.1108819065016288 -0.1108819065016288 -0.1108819065016288 3.593048096770135 3.593048096770135 3.593048096770135 -3.203136578428353 

Error: 0.24

Bound: 0.7326332834474163

=============================================================================
For Iteration T:5

Classifier: H2<-0.5473034999999999

G value: 0.47577154287533846

C-pos: 6.533245349491876 | C-neg: -0.04967033105112765

Z value: 0.9516118482234035

newProb(P): 7.225894975453339E-5 0.06303930434300083 0.052217442830726477 0.052217442830726477 0.052217442830726477 0.06303930434300083 0.06303930434300083 0.02908609391951835 0.02908609391951835 0.02908609391951835 0.02908609391951835 0.02908609391951835 0.11317268244157283 0.02908609391951835 0.02908609391951835 0.04886372318768046 0.06736595281485486 0.04886372318768046 0.04886372318768046 0.06736595281485486 0.04886372318768046 0.0016589912482862308 0.0016589912482862308 0.0016589912482862308 0.0022183875255722767 

fT(x): 6.677086589244822 0.09417090870181807 0.09417090870181807 0.09417090870181807 0.09417090870181807 0.09417090870181807 0.09417090870181807 0.6793273138401368 0.6793273138401368 0.6793273138401368 0.6793273138401368 0.6793273138401368 0.6793273138401368 0.6793273138401368 0.6793273138401368 -0.16055223755275644 -0.16055223755275644 -0.16055223755275644 -0.16055223755275644 -0.16055223755275644 -0.16055223755275644 3.5433777657190073 3.5433777657190073 3.5433777657190073 -3.2528069094794807 

Error: 0.24

Bound: 0.6971825129313765

=============================================================================
For Iteration T:6

Classifier: H3<-0.195966

G value: 0.4695168836340354

C-pos: -3.3849380646816862 | C-neg: 0.06738761142248954

Z value: 0.9390337682862185

newProb(P): 0.0022712783335247545 0.002274417974059691 0.051983835783950556 0.051983835783950556 0.051983835783950556 0.07181187556347315 0.07181187556347315 0.02895597041797477 0.02895597041797477 0.02895597041797477 0.02895597041797477 0.02895597041797477 0.1289218317584597 0.02895597041797477 0.02895597041797477 0.055663615671090544 0.06706457533566003 0.055663615671090544 0.055663615671090544 0.06706457533566003 0.055663615671090544 0.0016515693596388763 0.0016515693596388763 0.0016515693596388763 0.0025270990947355693 

fT(x): 3.2921485245631357 -3.2907671559798684 0.1615585201243076 0.1615585201243076 0.1615585201243076 0.1615585201243076 0.1615585201243076 0.7467149252626263 0.7467149252626263 0.7467149252626263 0.7467149252626263 0.7467149252626263 0.7467149252626263 0.7467149252626263 0.7467149252626263 -0.0931646261302669 -0.0931646261302669 -0.0931646261302669 -0.0931646261302669 -0.0931646261302669 -0.0931646261302669 3.610765377141497 3.610765377141497 3.610765377141497 -3.185419298056991 

Error: 0.2

Bound: 0.6546779223012057

=============================================================================
For Iteration T:7

Classifier: H6<0.086185

G value: 0.4314152725880826

C-pos: 2.1211182787220326 | C-neg: -0.1879487001793644

Z value: 0.8628305451850714

newProb(P): 3.156129996735135E-4 0.021985418222057188 0.007223585988621042 0.007223585988621042 0.007223585988621042 0.06896768921784152 0.06896768921784152 0.04049838422712873 0.04049838422712873 0.04049838422712873 0.04049838422712873 0.04049838422712873 0.12381574435071431 0.04049838422712873 0.04049838422712873 0.053458998476539364 0.09379782133935273 0.053458998476539364 0.053458998476539364 0.09379782133935273 0.053458998476539364 0.002309917075439749 0.002309917075439749 0.002309917075439749 0.002427010624925976 

fT(x): 5.413266803285168 -1.1696488772578357 2.28267679884634 2.28267679884634 2.28267679884634 -0.026390180055056806 -0.026390180055056806 0.5587662250832619 0.5587662250832619 0.5587662250832619 0.5587662250832619 0.5587662250832619 0.5587662250832619 0.5587662250832619 0.5587662250832619 -0.2811133263096313 -0.2811133263096313 -0.2811133263096313 -0.2811133263096313 -0.2811133263096313 -0.2811133263096313 3.4228166769621327 3.4228166769621327 3.4228166769621327 -3.3733679982363554 

Error: 0.12

Bound: 0.5648761086197791

=============================================================================
For Iteration T:8

Classifier: H8<0.26046

G value: 0.46248684238069687

C-pos: -0.9921259945037398 | C-neg: 0.17023145271764586

Z value: 0.9249736847616227

newProb(P): 9.202383970971338E-4 0.008813136758331713 0.021061937240666198 0.021061937240666198 0.021061937240666198 0.02764658242312402 0.02764658242312402 0.03692986656804505 0.03692986656804505 0.03692986656804505 0.03692986656804505 0.03692986656804505 0.15870005456467823 0.03692986656804505 0.03692986656804505 0.06852073635456768 0.08553282044559268 0.06852073635456768 0.06852073635456768 0.08553282044559268 0.06852073635456768 0.002106378587867103 0.002106378587867103 0.002106378587867103 0.0031108056622734677 

fT(x): 4.421140808781429 -2.1617748717615757 1.2905508043426002 1.2905508043426002 1.2905508043426002 -1.0185161745587967 -1.0185161745587967 0.7289976778009077 0.7289976778009077 0.7289976778009077 0.7289976778009077 0.7289976778009077 0.7289976778009077 0.7289976778009077 0.7289976778009077 -0.11088187359198545 -0.11088187359198545 -0.11088187359198545 -0.11088187359198545 -0.11088187359198545 -0.11088187359198545 3.5930481296797785 3.5930481296797785 3.5930481296797785 -3.2031365455187095 

Error: 0.12

Bound: 0.5224955356238437

=============================================================================
For Iteration T:9

Classifier: H13<0.3782415

G value: 0.4572124954295685

C-pos: 0.6779630949385254 | C-neg: -0.27548593624375245

Z value: 0.9144249908591819

newProb(P): 5.10877331368568E-4 0.018985325777543752 0.011692694333235968 0.011692694333235968 0.011692694333235968 0.05955647669287748 0.05955647669287748 0.020501895747443714 0.020501895747443714 0.020501895747443714 0.020501895747443714 0.020501895747443714 0.13176102585850216 0.053195105409602296 0.053195105409602296 0.05688947328608694 0.12320454478762954 0.05688947328608694 0.05688947328608694 0.12320454478762954 0.05688947328608694 0.003034103326846959 0.003034103326846959 0.003034103326846959 0.002582752390551583 

fT(x): 5.099103903719954 -1.4838117768230503 1.9685138992811255 1.9685138992811255 1.9685138992811255 -0.34055307962027137 -0.34055307962027137 1.406960772739433 1.406960772739433 1.406960772739433 1.406960772739433 1.406960772739433 0.4535117415571553 0.4535117415571553 0.4535117415571553 -0.38636780983573793 -0.38636780983573793 -0.38636780983573793 -0.38636780983573793 -0.38636780983573793 -0.38636780983573793 3.317562193436026 3.317562193436026 3.317562193436026 -3.478622481762462 

Error: 0.12

Bound: 0.4777829753867966

=============================================================================
For Iteration T:10

Classifier: H8<0.26046

G value: 0.48007026520944074

C-pos: -0.6779640135475643 | C-neg: 0.12469875898363748

Z value: 0.9601405304189583

newProb(P): 0.0010481365354191542 0.010038000681283512 0.023989203230689978 0.023989203230689978 0.023989203230689978 0.03148894891891049 0.03148894891891049 0.018849647580993383 0.018849647580993383 0.018849647580993383 0.018849647580993383 0.018849647580993383 0.15545623577017115 0.04890811085749576 0.04890811085749576 0.06712017695961281 0.11327548819055414 0.06712017695961281 0.06712017695961281 0.11327548819055414 0.06712017695961281 0.00278958488229147 0.00278958488229147 0.00278958488229147 0.0030472209968426867 

fT(x): 4.42113989017239 -2.1617757903706147 1.290549885733561 1.290549885733561 1.290549885733561 -1.0185170931678358 -1.0185170931678358 1.5316595317230706 1.5316595317230706 1.5316595317230706 1.5316595317230706 1.5316595317230706 0.5782105005407928 0.5782105005407928 0.5782105005407928 -0.26166905085210046 -0.26166905085210046 -0.26166905085210046 -0.26166905085210046 -0.26166905085210046 -0.26166905085210046 3.4422609524196637 3.4422609524196637 3.4422609524196637 -3.3539237227788243 

Error: 0.12

Bound: 0.458738799413027

=============================================================================
